Enter command
AashShell>
Before Fork
2
3
4
5
6
7
8
9
10
11
12
13
14
15
16
17
18
19
20
21
22
23
24
25
2
2001
2
2002
3
2
2003
3002
2
3
3003
2004
3
3004
4
2
2005
3
3005
4003
2
2006
3
4
4004
2
2007
3006
3
4
4005
5
2
2008
3007
4
4006
5004
2
3
3008
4
5
5005
6
2009
3
3009
4007
4
5
5006
6005
2
2010
3
3010
4008
5
5007
6
6006
2
2011
3
4
4009
5
6
6007
7
2
2012
3011
3
4
4010
5008
5
6
6008
7006
2
2013
3012
4
4011
5009
6
7
7007
2
3
3013
4
5
5010
6009
6
7
7008
8
2014
3
3014
4012
4
5
5011
6010
7
7009
8007
2
2015
3
3015
4013
5
5012
6
6011
7
8
8008
2
2016
3
4
4014
5
6
6012
7010
7
8
8009
9
2
2017
3016
3
4
4015
5013
5
6
6013
7011
8
8010
9008
2
2018
3017
4
4016
5014
6
7
7012
8
9
9009
10
2
3
3018
4
5
5015
6014
6
7
7013
8011
8
9
9010
10009
2019
3
3019
4017
4
5
5016
6015
7
7014
8012
9
9011
10
10010
2
2020
3
3020
4018
5
5017
6
6016
7
8
8013
9
10
10011
11
2
2021
3
4
4019
5
6
6017
7015
7
8
8014
9012
9
10
10012
11010
2
2022
3021
3
4
4020
5018
5
6
6018
7016
8
8015
9013
10
11
11011
2
2023
3022
4
4021
5019
6
7
7017
8
9
9014
10013
10
11
11012
12
2
3
3023
4
5
5020
6019
6
7
7018
8016
8
9
9015
10014
11
11013
12011
2024
3
3024
4022
4
5
5021
6020
7
7019
8017
9
9016
10
10015
11
12
12012
13
2
2025
3
3025
4023
5
5022
6
6021
7
8
8018
9
10
10016
11014
11
12
12013
13012
2
2026
3
4
4024
5
6
6022
7020
7
8
8019
9017
9
10
10017
11015
12
12014
13
13013
2
2027
3026
3
4
4025
5023
5
6
6023
7021
8
8020
9018
10
11
11016
12
13
13014
14
2
2028
3027
4
4026
5024
6
7
7022
8
9
9019
10018
10
11
11017
12015
12
13
13015
14013
2
3
3028
4
5
5025
6024
6
7
7023
8021
8
9
9020
10019
11
11018
12016
13
14
14014
2029
3
3029
4027
4
5
5026
6025
7
7024
8022
9
9021
10
10020
11
12
12017
13016
13
14
14015
15
2
2030
3
3030
4028
5
5027
6
6026
7
8
8023
9
10
10021
11019
11
12
12018
13017
14
14016
15014
2
2031
3
4
4029
5
6
6027
7025
7
8
8024
9022
9
10
10022
11020
12
12019
13
13018
14
15
15015
16
2
2032
3031
3
4
4030
5028
5
6
6028
7026
8
8025
9023
10
11
11021
12
13
13019
14017
14
15
15016
16015
2
2033
3032
4
4031
5029
6
7
7027
8
9
9024
10023
10
11
11022
12020
12
13
13020
14018
15
15017
16
16016
2
3
3033
4
5
5030
6029
6
7
7028
8026
8
9
9025
10024
11
11023
12021
13
14
14019
15
16
16017
17
2034
3
3034
4032
4
5
5031
6030
7
7029
8027
9
9026
10
10025
11
12
12022
13021
13
14
14020
15018
15
16
16018
17016
2
2035
3
3035
4033
5
5032
6
6031
7
8
8028
9
10
10026
11024
11
12
12023
13022
14
14021
15019
16
17
17017
2
2036
3
4
4034
5
6
6032
7030
7
8
8029
9027
9
10
10027
11025
12
12024
13
13023
14
15
15020
16019
16
17
17018
18
2
2037
3036
3
4
4035
5033
5
6
6033
7031
8
8030
9028
10
11
11026
12
13
13024
14022
14
15
15021
16020
17
17019
18017
2
2038
3037
4
4036
5034
6
7
7032
8
9
9029
10028
10
11
11027
12025
12
13
13025
14023
15
15022
16
16021
17
18
18018
2
3
3038
4
5
5035
6034
6
7
7033
8031
8
9
9030
10029
11
11028
12026
13
14
14024
15
16
16022
17020
17
18
18019
19
2039
3
3039
4037
4
5
5036
6035
7
7034
8032
9
9031
10
10030
11
12
12027
13026
13
14
14025
15023
15
16
16023
17021
18
18020
19018
2
2040
3
3040
4038
5
5037
6
6036
7
8
8033
9
10
10031
11029
11
12
12028
13027
14
14026
15024
16
17
17022
18
19
19019
20
2
2041
3
4
4039
5
6
6037
7035
7
8
8034
9032
9
10
10032
11030
12
12029
13
13028
14
15
15025
16024
16
17
17023
18021
18
19
19020
20019
2
2042
3041
3
4
4040
5038
5
6
6038
7036
8
8035
9033
10
11
11031
12
13
13029
14027
14
15
15026
16025
17
17024
18022
19
19021
20
20020
2
2043
3042
4
4041
5039
6
7
7037
8
9
9034
10033
10
11
11032
12030
12
13
13030
14028
15
15027
16
16026
17
18
18023
19
20
20021
21
2
3
3043
4
5
5040
6039
6
7
7038
8036
8
9
9035
10034
11
11033
12031
13
14
14029
15
16
16027
17025
17
18
18024
19022
19
20
20022
21020
2044
3
3044
4042
4
5
5041
6040
7
7039
8037
9
9036
10
10035
11
12
12032
13031
13
14
14030
15028
15
16
16028
17026
18
18025
19023
20
21
21021
2
2045
3
3045
4043
5
5042
6
6041
7
8
8038
9
10
10036
11034
11
12
12033
13032
14
14031
15029
16
17
17027
18
19
19024
20023
20
21
21022
22
2
2046
3
4
4044
5
6
6042
7040
7
8
8039
9037
9
10
10037
11035
12
12034
13
13033
14
15
15030
16029
16
17
17028
18026
18
19
19025
20024
21
21023
22021
2
2047
3046
3
4
4045
5043
5
6
6043
7041
8
8040
9038
10
11
11036
12
13
13034
14032
14
15
15031
16030
17
17029
18027
19
19026
20
20025
21
22
22022
23
2
2048
3047
4
4046
5044
6
7
7042
8
9
9039
10038
10
11
11037
12035
12
13
13035
14033
15
15032
16
16031
17
18
18028
19
20
20026
21024
21
22
22023
23022
2
3
3048
4
5
5045
6044
6
7
7043
8041
8
9
9040
10039
11
11038
12036
13
14
14034
15
16
16032
17030
17
18
18029
19027
19
20
20027
21025
22
22024
23
23023
2049
3
3049
4047
4
5
5046
6045
7
7044
8042
9
9041
10
10040
11
12
12037
13036
13
14
14035
15033
15
16
16033
17031
18
18030
19028
20
21
21026
22
23
23024
24
2
2050
3
3050
4048
5
5047
6
6046
7
8
8043
9
10
10041
11039
11
12
12038
13037
14
14036
15034
16
17
17032
18
19
19029
20028
20
21
21027
22025
22
23
23025
24023
2
2051
3
4
4049
5
6
6047
7045
7
8
8044
9042
9
10
10042
11040
12
12039
13
13038
14
15
15035
16034
16
17
17033
18031
18
19
19030
20029
21
21028
22026
23
24
24024
2
2052
3051
3
4
4050
5048
5
6
6048
7046
8
8045
9043
10
11
11041
12
13
13039
14037
14
15
15036
16035
17
17034
18032
19
19031
20
20030
21
22
22027
23026
23
24
24025
25
2
2053
3052
4
4051
5049
6
7
7047
8
9
9044
10043
10
11
11042
12040
12
13
13040
14038
15
15037
16
16036
17
18
18033
19
20
20031
21029
21
22
22028
23027
24
24026
25024
2
3
3053
4
5
5050
6049
6
7
7048
8046
8
9
9045
10044
11
11043
12041
13
14
14039
15
16
16037
17035
17
18
18034
19032
19
20
20032
21030
22
22029
23
23028
24
25
25025
2054
3
3054
4052
4
5
5051
6050
7
7049
8047
9
9046
10
10045
11
12
12042
13041
13
14
14040
15038
15
16
16038
17036
18
18035
19033
20
21
21031
22
23
23029
24027
24
25
25026
2
2055
3
3055
4053
5
5052
6
6051
7
8
8048
9
10
10046
11044
11
12
12043
13042
14
14041
15039
16
17
17037
18
19
19034
20033
20
21
21032
22030
22
23
23030
24028
25
25027
2
2056
3
4
4054
5
6
6052
7050
7
8
8049
9047
9
10
10047
11045
12
12044
13
13043
14
15
15040
16039
16
17
17038
18036
18
19
19035
20034
21
21033
22031
23
24
24029
25
2
2057
3056
3
4
4055
5053
5
6
6053
7051
8
8050
9048
10
11
11046
12
13
13044
14042
14
15
15041
16040
17
17039
18037
19
19036
20
20035
21
22
22032
23031
23
24
24030
25028
25
2
2058
3057
4
4056
5054
6
7
7052
8
9
9049
10048
10
11
11047
12045
12
13
13045
14043
15
15042
16
16041
17
18
18038
19
20
20036
21034
21
22
22033
23032
24
24031
25029
3
3058
4
5
5055
6054
6
7
7053
8051
8
9
9050
10049
11
11048
12046
13
14
14044
15
16
16042
17040
17
18
18039
19037
19
20
20037
21035
22
22034
23
23033
24
25
25030
3
3059
4057
4
5
5056
6055
7
7054
8052
9
9051
10
10050
11
12
12047
13046
13
14
14045
15043
15
16
16043
17041
18
18040
19038
20
21
21036
22
23
23034
24032
24
25
25031
4058
5
5057
6
6056
7
8
8053
9
10
10051
11049
11
12
12048
13047
14
14046
15044
16
17
17042
18
19
19039
20038
20
21
21037
22035
22
23
23035
24033
25
25032
4
4059
5
6
6057
7055
7
8
8054
9052
9
10
10052
11050
12
12049
13
13048
14
15
15045
16044
16
17
17043
18041
18
19
19040
20039
21
21038
22036
23
24
24034
25
4
4060
5058
5
6
6058
7056
8
8055
9053
10
11
11051
12
13
13049
14047
14
15
15046
16045
17
17044
18042
19
19041
20
20040
21
22
22037
23036
23
24
24035
25033
25
5059
6
7
7057
8
9
9054
10053
10
11
11052
12050
12
13
13050
14048
15
15047
16
16046
17
18
18043
19
20
20041
21039
21
22
22038
23037
24
24036
25034
5
5060
6059
6
7
7058
8056
8
9
9055
10054
11
11053
12051
13
14
14049
15
16
16047
17045
17
18
18044
19042
19
20
20042
21040
22
22039
23
23038
24
25
25035
5
5061
6060
7
7059
8057
9
9056
10
10055
11
12
12052
13051
13
14
14050
15048
15
16
16048
17046
18
18045
19043
20
21
21041
22
23
23039
24037
24
25
25036
6
6061
7
8
8058
9
10
10056
11054
11
12
12053
13052
14
14051
15049
16
17
17047
18
19
19044
20043
20
21
21042
22040
22
23
23040
24038
25
25037
6
6062
7060
7
8
8059
9057
9
10
10057
11055
12
12054
13
13053
14
15
15050
16049
16
17
17048
18046
18
19
19045
20044
21
21043
22041
23
24
24039
25
7061
8
8060
9058
10
11
11056
12
13
13054
14052
14
15
15051
16050
17
17049
18047
19
19046
20
20045
21
22
22042
23041
23
24
24040
25038
25
7
7062
8
9
9059
10058
10
11
11057
12055
12
13
13055
14053
15
15052
16
16051
17
18
18048
19
20
20046
21044
21
22
22043
23042
24
24041
25039
7
7063
8061
8
9
9060
10059
11
11058
12056
13
14
14054
15
16
16052
17050
17
18
18049
19047
19
20
20047
21045
22
22044
23
23043
24
25
25040
8062
9
9061
10
10060
11
12
12057
13056
13
14
14055
15053
15
16
16053
17051
18
18050
19048
20
21
21046
22
23
23044
24042
24
25
25041
8
8063
9
10
10061
11059
11
12
12058
13057
14
14056
15054
16
17
17052
18
19
19049
20048
20
21
21047
22045
22
23
23045
24043
25
25042
8
8064
9062
9
10
10062
11060
12
12059
13
13058
14
15
15055
16054
16
17
17053
18051
18
19
19050
20049
21
21048
22046
23
24
24044
25
9063
10
11
11061
12
13
13059
14057
14
15
15056
16055
17
17054
18052
19
19051
20
20050
21
22
22047
23046
23
24
24045
25043
25
9
9064
10063
10
11
11062
12060
12
13
13060
14058
15
15057
16
16056
17
18
18053
19
20
20051
21049
21
22
22048
23047
24
24046
25044
9
9065
10064
11
11063
12061
13
14
14059
15
16
16057
17055
17
18
18054
19052
19
20
20052
21050
22
22049
23
23048
24
25
25045
10
10065
11
12
12062
13061
13
14
14060
15058
15
16
16058
17056
18
18055
19053
20
21
21051
22
23
23049
24047
24
25
25046
10
10066
11064
11
12
12063
13062
14
14061
15059
16
17
17057
18
19
19054
20053
20
21
21052
22050
22
23
23050
24048
25
25047
11065
12
12064
13
13063
14
15
15060
16059
16
17
17058
18056
18
19
19055
20054
21
21053
22051
23
24
24049
25
11
11066
12
13
13064
14062
14
15
15061
16060
17
17059
18057
19
19056
20
20055
21
22
22052
23051
23
24
24050
25048
25
11
11067
12065
12
13
13065
14063
15
15062
16
16061
17
18
18058
19
20
20056
21054
21
22
22053
23052
24
24051
25049
12066
13
14
14064
15
16
16062
17060
17
18
18059
19057
19
20
20057
21055
22
22054
23
23053
24
25
25050
12
12067
13066
13
14
14065
15063
15
16
16063
17061
18
18060
19058
20
21
21056
22
23
23054
24052
24
25
25051
12
12068
13067
14
14066
15064
16
17
17062
18
19
19059
20058
20
21
21057
22055
22
23
23055
24053
25
25052
13
13068
14
15
15065
16064
16
17
17063
18061
18
19
19060
20059
21
21058
22056
23
24
24054
25
13
13069
14067
14
15
15066
16065
17
17064
18062
19
19061
20
20060
21
22
22057
23056
23
24
24055
25053
25
14068
15
15067
16
16066
17
18
18063
19
20
20061
21059
21
22
22058
23057
24
24056
25054
14
14069
15
16
16067
17065
17
18
18064
19062
19
20
20062
21060
22
22059
23
23058
24
25
25055
14
14070
15068
15
16
16068
17066
18
18065
19063
20
21
21061
22
23
23059
24057
24
25
25056
15069
16
17
17067
18
19
19064
20063
20
21
21062
22060
22
23
23060
24058
25
25057
15
15070
16069
16
17
17068
18066
18
19
19065
20064
21
21063
22061
23
24
24059
25
15
15071
16070
17
17069
18067
19
19066
20
20065
21
22
22062
23061
23
24
24060
25058
25
16
16071
17
18
18068
19
20
20066
21064
21
22
22063
23062
24
24061
25059
16
16072
17070
17
18
18069
19067
19
20
20067
21065
22
22064
23
23063
24
25
25060
17071
18
18070
19068
20
21
21066
22
23
23064
24062
24
25
25061
17
17072
18
19
19069
20068
20
21
21067
22065
22
23
23065
24063
25
25062
17
17073
18071
18
19
19070
20069
21
21068
22066
23
24
24064
25
18072
19
19071
20
20070
21
22
22067
23066
23
24
24065
25063
25
18
18073
19
20
20071
21069
21
22
22068
23067
24
24066
25064
18
18074
19072
19
20
20072
21070
22
22069
23
23068
24
25
25065
19073
20
21
21071
22
23
23069
24067
24
25
25066
19
19074
20073
20
21
21072
22070
22
23
23070
24068
25
25067
19
19075
20074
21
21073
22071
23
24
24069
25
20
20075
21
22
22072
23071
23
24
24070
25068
25
20
20076
21074
21
22
22073
23072
24
24071
25069
21075
22
22074
23
23073
24
25
25070
21
21076
22
23
23074
24072
24
25
25071
21
21077
22075
22
23
23075
24073
25
25072
22076
23
24
24074
25
22
22077
23076
23
24
24075
25073
25
22
22078
23077
24
24076
25074
23
23078
24
25
25075
23
23079
24077
24
25
25076
24078
25
25077
24
24079
25
24
24080
25078
25
25079
25
25080
25
25081
AashShell>
Exit.
Machine is halting
